objSkinManager,-32,576,001477FD,0,1,1,4294967295,0,0
objUndoRedo,-32,544,003842B4,0,1,1,4294967295,0,0
objDrawGrid,-32,512,000F5039,0,1,1,4294967295,0,0
objObjSelect,0,576,0030BF54,0,1,1,4294967295,0,0
objGridSnap,805,349,0012895A,0,1,1,4294967295,0,0
objAlignDisplay,805,433,001B3E95,0,1,1,4294967295,0,0
objOpenMenu,952,5,00340BEA,0,1,1,4294967295,0,0
objGameSpeed,931,349,003B811C,0,1,1,4294967295,0,0
objJumpDisplay,931,433,003D1EAD,0,1,1,4294967295,0,0
objFPSDisplay,931,391,002AD617,0,1,1,4294967295,0,0
objDeathCount,805,391,001FAE5B,0,1,1,4294967295,0,0
objInfo,805,5,0012D7F6,0,1,1,4294967295,0,0
objEditButton,913,8,0015B355,0,1,1,4294967295,0,0
objMenu,0,-32,003C2992,0,1,1,4294967295,0,0
objCloseMenu,920,9,000DFB0A,0,1,1,4294967295,0,0
objGridLines,140,9,0023DAE0,0,1,1,4294967295,0,0
objSaveMap,10,9,003C26BD,0,1,1,4294967295,0,0
objLoadMap,10,51,0001E5AC,0,1,1,4294967295,0,0
objQuit,920,51,001133A2,0,1,1,4294967295,0,0
objMoveUp,946,128,003F76EF,0,1,1,4294967295,0,0
objMoveDown,946,160,0006AC0D,0,1,1,4294967295,0,0
objMoveRight,978,160,00037280,0,1,1,4294967295,0,0
objMoveLeft,914,160,000ED0C5,0,1,1,4294967295,0,0
objChangeSkin,790,9,0001B943,0,1,1,4294967295,0,0
objDepthOrder,660,9,003BF125,0,1,1,4294967295,0,0
objClearMap,660,51,0028FF91,0,1,1,4294967295,0,0
objGodmode,530,9,0007EABA,0,1,1,4294967295,0,0
objInfJump,530,51,00091943,0,1,1,4294967295,0,0
objScreenshot,140,51,002CE2A6,0,1,1,4294967295,0,0
objTrailLength,270,9,003C0F07,0,1,1,4294967295,0,0
objTrailView,270,51,00366CFE,0,1,1,4294967295,0,0
objImportJmap,10,93,000C081E,0,1,1,4294967295,0,0
