objSkinManager,-32,576,001477FD,0,1,1,4294967295,0,0
TitleMenu,32,0,00052165,0,1,1,4294967295,0,0
objObjSelect,0,576,0030BF54,0,1,1,4294967295,0,0
objGridSnap,805,349,0012895A,0,1,1,4294967295,0,0
objAlignDisplay,805,433,001B3E95,0,1,1,4294967295,0,0
objOpenMenu,952,5,00340BEA,0,1,1,4294967295,0,0
objGameSpeed,805,391,003B811C,0,1,1,4294967295,0,0
objJumpDisplay,930,349,003D1EAD,0,1,1,4294967295,0,0
objFPSDisplay,930,448,002AD617,0,1,1,4294967295,0,0
objMenu,0,-32,003C2992,0,1,1,4294967295,0,0
objCloseMenu,946,9,000DFB0A,0,1,1,4294967295,0,0
objGridLines,118,9,0023DAE0,0,1,1,4294967295,0,0
objSaveMap,9,9,003C26BD,0,1,1,4294967295,0,0
objLoadMap,9,52,0001E5AC,0,1,1,4294967295,0,0
objQuit,946,51,001133A2,0,1,1,4294967295,0,0
objMoveUp,946,128,003F76EF,0,1,1,4294967295,0,0
objMoveDown,946,160,0006AC0D,0,1,1,4294967295,0,0
objMoveRight,978,160,00037280,0,1,1,4294967295,0,0
objMoveLeft,914,160,000ED0C5,0,1,1,4294967295,0,0
objChangeSkin,640,32,0001B943,0,1,1,4294967295,0,0
